0 0.51406 0.597418 0.0265063 0.0316958 0.933815
0 0.58318 0.550722 0.0318764 0.0289578 0.930849
0 0.583498 0.442463 0.0294936 0.0290599 0.928777
0 0.474543 0.588881 0.0283222 0.0319552 0.926941
0 0.571444 0.590351 0.0232675 0.032685 0.923906
0 0.651485 0.497546 0.0270127 0.0313755 0.923858
0 0.565097 0.396536 0.0261216 0.0333085 0.922975
0 0.537328 0.553327 0.0275195 0.0311751 0.920848
0 0.565493 0.469748 0.02916 0.0278578 0.919522
0 0.498079 0.558022 0.0297565 0.0271614 0.919391
0 0.679024 0.424702 0.0256722 0.0379189 0.91911
0 0.531674 0.396793 0.0290028 0.0252222 0.918552
0 0.531875 0.439534 0.0345732 0.0263299 0.917278
0 0.516657 0.466883 0.0320958 0.0232805 0.91652
0 0.520624 0.500555 0.0303254 0.0279668 0.91584
0 0.480373 0.460455 0.0263143 0.0291342 0.915106
0 0.634531 0.43167 0.0280933 0.0268422 0.914592
0 0.601761 0.500622 0.0264602 0.0299197 0.91375
0 0.635536 0.402234 0.0299754 0.0304894 0.912894
0 0.62614 0.521499 0.0281405 0.0330085 0.912499
0 0.594226 0.392647 0.0269904 0.0287722 0.911846
0 0.44265 0.503556 0.0244336 0.0300827 0.910668
0 0.544302 0.5958 0.0232863 0.0298607 0.909473
0 0.471424 0.543414 0.0293518 0.0267222 0.907259
0 0.569317 0.511613 0.0307082 0.0281023 0.902919
0 0.657838 0.460456 0.0299468 0.0259194 0.900435
0 0.543618 0.48929 0.027835 0.0272441 0.898149
0 0.421203 0.480031 0.0257415 0.032079 0.894199
0 0.398742 0.484722 0.0228308 0.0329112 0.88581
0 0.513732 0.523203 0.0296252 0.0243733 0.88184
0 0.465603 0.432869 0.0254629 0.0323912 0.875373
0 0.473019 0.511661 0.0277866 0.03023 0.873726
0 0.390739 0.522516 0.0285875 0.0247819 0.868501
0 0.503522 0.627954 0.031916 0.0260253 0.866518
0 0.437243 0.445018 0.0215161 0.0306609 0.866188
0 0.414068 0.515457 0.0210293 0.0268538 0.779071
0 0.305662 0.633403 0.0246856 0.0331081 0.488058
0 0.549455 0.623953 0.0285811 0.0223945 0.253113
